-2.172831729298718706e-01
6.858560983557551172e-01
1.035268017476373981e-01
6.878570149450939919e-01
5.502963936679012846e-01
9.266257583753589877e-01
6.080493700208562391e-01
-9.472392418493975619e-01
7.655862447228831691e-01
7.336368829154249482e-01
-2.309105549662620049e-01
-4.906479212461047901e-01
1.758257769981101948e-01
-2.691931409167758193e-01
-9.788630766954300455e-01
2.757396546666768256e-01
-2.434170579334533624e-01
-5.913687686723805292e-01
-4.622910431874762693e-01
-8.838006044412496376e-01
-3.561716692197678391e-01
6.069247427902511038e-01
-3.279090166791827077e-01
-3.686495639085880516e-01
6.226054533362934684e-02
-4.125731399539211974e-01
-7.729984568394061561e-01
5.813643356858029243e-01
-4.315696504134614031e-01
2.769774710179613297e-01
