8.278583399528887110e-01
6.422752634349566669e-01
-6.358209283421618618e-01
-9.128583921114403754e-01
4.116761801261170639e-02
7.906565946334103145e-01
4.638024072712665369e-01
-2.686711906995893351e-01
2.603195244480829285e-01
2.929338419030369511e-01
-5.014855086303731113e-01
1.562608229690479744e+00
-5.179123376671412871e-01
-4.251237218834902354e-01
4.048578124956003776e-01
-1.762987643858764386e-01
-2.065173951155057086e-01
1.582216551366850688e-01
6.654002815398980530e-01
9.480336904050292723e-01
8.874807263925887924e-02
4.709685193889550092e-01
5.189212104206870624e-01
8.829454198658301944e-01
-1.774099113302540776e-01
7.722214980510948568e-01
3.527906350508593913e-01
7.169727430362200504e-01
-5.994430864265993808e-01
-7.543422800139985007e-01
