2.035590491860006512e-01
6.975081239790485998e-01
4.110770909514982474e-01
7.617493812164153333e-01
9.391928204149291304e-02
-1.348935151630688001e-01
-2.362332262300415042e-01
-3.691492627096109036e-01
-7.118847168179929241e-01
-9.176377075198360878e-02
5.681178889617992667e-01
1.375686343725113225e+00
1.443190471200592739e-01
-6.867169950377376431e-01
-2.395499190983083615e-01
9.878512200164315527e-01
-4.522190935979732984e-01
-1.115851733175228233e-01
-6.501733012076889029e-01
-6.377936029498489923e-01
-2.743847968036556839e-01
-4.061998998920388626e-01
-2.298262618566428994e-01
8.258821812426744291e-01
-4.127988351389557664e-01
7.701197569413966715e-01
-6.464325817920570927e-01
8.196164444285294337e-01
7.885908427339285431e-01
3.873785175888535548e-01
