-2.653722685753294730e-01
3.722095211984741692e-01
8.787140155226000893e-01
5.210353800829268245e-01
1.314297989935226063e+00
2.276310484245510857e+00
1.437526817234939580e+00
3.586511693265051370e+00
7.932763624408649683e-01
9.414404269493290567e-01
-1.896118139574215045e+00
-9.290792670488456917e-01
4.250979644419705661e-01
4.507546599516907726e+00
7.426934994016631819e-02
-1.498700577746621132e-01
1.394842003573004696e-02
8.599582189499661578e-01
2.818291896250644246e-01
-1.524848778381719283e+00
-4.121863437392914165e-02
2.804373038849421462e-01
8.895188370592141958e-01
1.214428335663443770e+00
7.978732561480432750e-01
7.828368941854637608e-01
-5.345042247165965321e-02
4.042921083812645033e-01
6.723238371841084859e-01
3.708097439091357916e-01
