-2.722892632142199787e-01
2.263990892198197713e-03
3.687117032103817138e-01
7.635668365090555465e-01
-2.805966850360894771e-01
3.635783240499745883e-01
-6.719607143102668267e-02
-8.779125638890517003e-02
3.037876941512702711e-01
4.850281702612646573e-01
1.023718619719695688e-01
1.766000327346408216e+00
-7.463655972163381058e-01
2.593783715836295301e-04
-8.200591252872624359e-02
-4.008987185731565095e-01
-4.606299889658354019e-01
-7.484649709986219701e-01
2.803295513450723142e-01
4.974069799869380581e-01
-1.572536000470816653e-01
-2.146453326718311683e-01
-6.516758013966583718e-02
-9.886238765612831436e-01
7.751757470187159438e-01
-1.505328701061035002e-01
-1.440871577954269567e+00
2.861328960476337002e-01
-7.829205553238716142e-02
8.682907806450446131e-01
