9.212778688443504782e-01
-2.110071633049296347e-01
1.177976257308573249e+00
2.949845945852360707e-01
1.105636583804514128e+00
-2.695596028830855584e-01
4.908316349384828081e-01
-5.879381106443373195e-01
1.603364960974681397e-01
6.323286697435178683e-01
-1.336391805120551446e+00
9.398675903845634672e-01
9.667029918322800341e-01
-4.915475569670436640e-01
7.386257449328414992e-02
-5.343735637364392943e-01
-5.813557104749927928e-01
-3.498486687448312815e-01
-1.398908681784202246e+00
2.373540776875222580e-01
-2.357184695816534337e-01
5.142347690995993092e-01
-6.919411205034751156e-01
-1.827536315962552116e-01
-6.031271045063780756e-01
-1.881633329065734994e-01
-9.639074153982123416e-01
-4.151034646132387707e-01
-3.713203768439976571e-03
2.099904590152660289e-01
