-4.271267670316988285e-01
3.503268212043424423e-01
9.985866719780344125e-01
-2.173343577154271955e-01
6.421298584289168998e-01
6.970670307958194423e-01
1.194231370507370826e+00
5.670989830135440002e-01
6.992985940635982889e-01
5.088274378756164618e-01
-8.258794073438672223e-01
-9.521798283391924578e-01
-6.746701889756383519e-01
-2.413076079537355145e-01
8.854978204045238499e-01
1.028561309930068113e+00
-5.886341320997352522e-01
7.648596329918440073e-01
6.026292650090703251e-01
-6.933514784946935849e-01
-8.454690812341814077e-02
-1.293178133920660056e+00
-3.749313337655149070e-01
4.284140892646453036e-01
3.851365808424607184e-01
7.477025177158633795e-01
-4.909119295702130126e-01
1.187497658256642108e-01
1.356831560373645829e+00
-1.013768119192450801e+00
