-0.40943153571199864
 0.1282499761999929
 2.545934086260887
 4.729041245859699
 2.324926443596764
 -0.36334962241109114
 0.6160094356552419
 0.2705778788710216
 -1.1772442664862037
 -2.0086995188883776
 -2.769363386076747
 4.112367907470207
 1.6724262656129243
 1.5483373606148203
 0.3306230551235769
 -0.4995634930650219
 -0.22890700566149857
 1.1710977687178108
 0.36000097859071345
 0.8921845718997417
 -1.8206225102118887
 0.8697808440339362
 -0.5504891816237028
 1.3176572917824738
 0.4419363348602019
 -1.9525900627524884
 -0.03180289493020505
 -2.7990720404385376
 0.65047142371512
 -0.8334923208709106