8.283120732519646534e-01
-3.179970892588350750e-01
-3.036760774319680056e-01
8.344543241212497575e-01
2.396855320284888291e-01
7.020529889217701214e-02
-5.030810859473265617e-02
5.020452139501525579e-01
5.758430833420873363e-01
7.684812737868349508e-01
6.891764622832263765e-01
9.425499612270120675e-01
9.435184055602379161e-01
9.095645219507557666e-01
7.739087457131973435e-01
5.102920997961306604e-01
1.437773501149920974e-01
7.156171217537840024e-01
-1.105625256188181860e-01
-8.537115618239020653e-01
1.215194166110210028e-01
7.731800174205283316e-02
1.087608598914935776e+00
1.241012356637842262e-01
-5.321397811066979067e-01
3.611758919070705010e-01
-5.732312267860099064e-01
-4.331313880400348704e-01
1.534746385008705083e-01
-4.923797303022890981e-01
-4.943441511557338797e-01
-4.496606931569762655e-01
9.804676956613078698e-01
5.092793715035661695e-01
8.572983274564409673e-01
